3365 21
3272 22
3231 20
3194 23
3194 24
3164 19
3084 25
3022 17
2970 18
2897 27
2885 16
2857 26
2708 15
2686 28
2558 29
2556 14
2507 30
2288 31
2212 32
2209 13
2097 33
2042 12
1978 34
1788 35
1712 36
1695 11
1647 37
1508 38
1483 10
1371 39
1231 40
1136 41
1090 42
1082 9
1040 43
865 44
843 45
831 8
763 46
713 47
649 48
627 49
547 50
545 7
515 51
500 4
454 52
436 53
396 54
362 55
336 6
321 57
297 56
270 58
228 59
222 5
213 60
206 61
189 62
162 64
160 63
155 2
137 3
121 68
120 66
120 65
118 67
105 70
92 69
92 72
78 71
73 73
67 74
59 75
57 77
49 76
45 78
44 81
37 79
36 85
32 80
29 84
24 87
24 89
24 83
22 1
22 88
21 86
21 82
19 94
19 92
17 90
15 95
15 99
14 97
14 91
13 96
12 93
12 98
11 102
10 106
10 103
9 115
8 108
7 111
7 124
6 123
6 112
6 113
6 107
6 109
6 117
6 100
5 130
5 101
5 110
4 104
4 139
4 105
4 114
3 136
3 146
3 120
3 116
3 138
3 134
3 131
3 128
3 133
2 121
2 119
2 125
2 168
2 150
2 122
2 118
2 154
2 132
2 152
2 135
2 126
2 170
1 140
1 179
1 182
1 160
1 155
1 194
1 158
1 129
1 386
1 142
1 145
1 159
1 153
1 347
1 165
1 156
1 204
1 181
1 198
1 127
1 163
1 149
1 137
1 143
