247 108
219 104
214 105
210 107
204 99
203 102
202 103
200 101
199 98
191 122
191 113
191 116
189 117
188 109
187 118
186 100
186 112
183 115
182 110
182 106
179 121
179 114
178 123
175 111
175 124
175 130
174 97
172 95
172 125
172 120
172 119
171 96
169 126
161 131
160 129
158 133
157 135
156 94
150 132
150 128
143 142
143 141
142 148
141 93
137 150
137 134
136 136
134 143
134 146
134 127
133 140
133 149
132 138
131 92
129 139
122 137
121 144
121 153
121 152
120 147
115 90
115 157
111 151
109 145
108 91
105 155
101 156
99 160
96 163
95 154
95 159
95 161
95 158
94 165
92 169
90 164
89 162
88 166
87 89
85 88
83 86
82 87
82 173
81 179
79 171
79 177
77 174
76 170
74 184
74 84
73 168
71 85
71 172
69 182
68 167
65 185
63 181
62 189
62 175
62 183
62 178
61 190
60 193
58 196
58 192
58 180
58 56
57 83
56 82
55 176
55 186
55 188
54 199
54 202
53 187
53 205
52 62
51 195
51 75
50 66
50 46
49 81
49 78
48 57
48 76
48 77
47 72
47 206
47 60
47 67
47 69
46 191
46 207
46 58
46 65
45 55
45 80
45 54
45 79
44 198
44 48
44 61
43 208
43 214
43 63
43 52
42 68
42 194
42 204
42 64
41 200
41 47
41 74
41 49
40 197
40 231
40 222
40 229
40 43
40 51
40 40
39 203
39 73
39 53
39 212
38 70
38 33
36 71
36 223
36 216
36 220
35 50
34 201
34 213
34 215
34 38
34 42
34 37
33 34
33 32
32 35
32 227
32 211
32 209
32 41
31 228
31 36
30 44
30 39
30 226
30 45
29 230
29 234
28 217
28 243
27 221
27 30
26 255
26 218
25 31
25 59
25 233
25 224
24 225
23 235
23 257
23 249
22 236
22 250
22 210
21 237
21 253
21 246
21 251
19 242
19 258
19 219
19 241
19 240
18 256
18 232
18 29
17 244
16 238
16 278
16 247
16 259
16 267
16 261
16 265
16 266
15 252
14 271
14 254
14 282
14 239
13 269
13 248
13 245
13 280
13 288
13 263
13 264
13 26
12 274
12 262
11 268
11 306
11 307
11 297
11 260
11 273
11 276
10 292
9 291
9 279
9 270
8 290
8 312
8 293
8 285
8 325
8 272
8 326
8 28
7 361
7 315
7 283
7 275
7 277
7 287
7 27
6 284
6 295
6 330
6 337
6 294
6 302
6 321
6 303
5 289
5 328
5 327
5 320
5 281
5 310
5 348
4 352
4 318
4 363
4 354
4 379
4 334
4 316
4 298
4 386
4 392
4 322
4 24
4 304
4 344
4 311
3 329
3 286
3 364
3 25
3 305
3 332
3 299
3 313
3 355
3 300
3 401
3 356
3 360
3 338
3 358
2 461
2 377
2 301
2 340
2 362
2 389
2 324
2 333
2 319
2 23
2 373
2 350
2 368
2 422
2 431
2 397
2 349
2 347
2 357
2 317
2 403
2 308
2 336
2 448
2 296
2 351
2 359
1 420
1 408
1 402
1 342
1 415
1 416
1 341
1 511
1 470
1 399
1 309
1 427
1 335
1 396
1 374
1 393
1 372
1 395
1 464
1 426
1 677
1 419
1 433
1 515
1 331
1 375
1 455
1 343
1 398
1 436
1 495
1 535
1 504
1 370
1 22
1 773
1 339
1 411
1 394
1 388
1 366
1 421
1 458
1 445
1 450
1 444
1 561
1 417
1 390
1 476
1 425
1 647
1 365
1 323
1 382
1 570
1 314
1 530
1 599
1 452
